Date;Lowest Price of the Day;Highest Price of the Day;Closing Price;Previous Day Closing Price;Volume Traded
20070102,,,,,
20070103,,,,,
20070104,,,,,
20070105,,,,,
20070108,,,,,
20070109,,,,,
20070110,,,,,
20070111,,,,,
20070112,,,,,
20070115,,,,,
20070116,,,,,
20070117,,,,,
20070118,,,,,
20070119,,,,,
20070122,,,,,
20070123,,,,,
20070124,,,,,
20070125,,,,,
20070126,,,,,
20070129,,,,,
20070130,,,,,
20070131,,,,,
20070201,,,,,
20070202,,,,,
20070205,,,,,
20070206,,,,,
20070207,,,,,
20070208,,,,,
20070209,,,,,
20070212,,,,,
20070213,,,,,
20070214,,,,,
20070215,,,,,
20070216,,,,,
20070219,,,,,
20070220,,,,,
20070221,,,,,
20070222,,,,,
20070223,,,,,
20070226,,,,,
20070227,,,,,
20070228,,,,,
20070301,,,,,
20070302,,,,,
20070305,,,,,
20070306,,,,,
20070307,,,,,
20070308,,,,,
20070309,,,,,
20070312,,,,,
20070313,,,,,
20070314,,,,,
20070315,,,,,
20070316,,,,,
20070319,,,,,
20070320,,,,,
20070321,,,,,
20070322,,,,,
20070323,,,,,
20070326,,,,,
20070327,,,,,
20070328,,,,,
20070329,,,,,
20070330,,,,,
20070402,,,,,
20070403,,,,,
20070404,,,,,
20070405,,,,,
20070410,,,,,
20070411,,,,,
20070412,,,,,
20070413,,,,,
20070416,,,,,
20070417,,,,,
20070418,,,,,
20070419,,,,,
20070420,,,,,
20070423,,,,,
20070424,,,,,
20070425,,,,,
20070426,,,,,
20070427,,,,,
20070430,,,,,
20070502,,,,,
20070503,,,,,
20070504,,,,,
20070507,,,,,
20070508,,,,,
20070509,,,,,
20070510,,,,,
20070511,,,,,
20070514,,,,,
20070515,,,,,
20070516,,,,,
20070517,,,,,
20070518,,,,,
20070521,,,,,
20070522,,,,,
20070523,,,,,
20070524,,,,,
20070525,,,,,
20070528,,,,,
20070529,,,,,
20070530,,,,,
20070531,,,,,
20070604,,,,,
20070605,,,,,
20070606,,,,,
20070607,,,,,
20070608,,,,,
20070611,,,,,
20070612,,,,,
20070613,,,,,
20070614,,,,,
20070615,,,,,
20070618,,,,,
20070619,,,,,
20070620,,,,,
20070621,,,,,
20070622,,,,,
20070625,,,,,
20070626,,,,,
20070627,,,,,
20070628,,,,,
20070629,,,,,
20070702,,,,,
20070703,,,,,
20070704,,,,,
20070705,,,,,
20070706,,,,,
20070709,,,,,
20070710,,,,,
20070711,,,,,
20070712,,,,,
20070713,,,,,
20070716,,,,,
20070717,,,,,
20070718,,,,,
20070719,,,,,
20070720,,,,,
20070723,,,,,
20070724,,,,,
20070725,,,,,
20070726,,,,,
20070727,,,,,
20070730,,,,,
20070731,,,,,
20070801,,,,,
20070802,,,,,
20070803,,,,,
20070806,,,,,
20070807,,,,,
20070808,,,,,
20070809,,,,,
20070810,,,,,
20070813,,,,,
20070814,,,,,
20070815,,,,,
20070816,,,,,
20070817,,,,,
20070820,,,,,
20070821,,,,,
20070822,,,,,
20070823,,,,,
20070824,,,,,
20070827,,,,,
20070828,,,,,
20070829,,,,,
20070830,,,,,
20070831,,,,,
20070903,,,,,
20070904,,,,,
20070905,,,,,
20070906,,,,,
20070907,,,,,
20070910,,,,,
20070911,,,,,
20070912,,,,,
20070913,,,,,
20070914,,,,,
20070917,,,,,
20070918,,,,,
20070919,,,,,
20070920,,,,,
20070921,,,,,
20070924,,,,,
20070925,,,,,
20070926,,,,,
20070927,,,,,
20070928,,,,,
20071001,,,,,
20071002,,,,,
20071003,,,,,
20071004,,,,,
20071005,,,,,
20071008,,,,,
20071009,,,,,
20071010,,,,,
20071011,,,,,
20071012,,,,,
20071015,,,,,
20071016,,,,,
20071017,,,,,
20071018,,,,,
20071019,,,,,
20071022,,,,,
20071023,,,,,
20071024,,,,,
20071025,,,,,
20071026,,,,,
20071029,,,,,
20071030,,,,,
20071031,,,,,
20071101,,,,,
20071102,,,,,
20071105,,,,,
20071106,,,,,
20071107,,,,,
20071108,,,,,
20071109,,,,,
20071112,,,,,
20071113,,,,,
20071114,,,,,
20071115,,,,,
20071116,,,,,
20071119,,,,,
20071120,,,,,
20071121,,,,,
20071122,,,,,
20071123,,,,,
20071126,,,,,
20071127,,,,,
20071128,,,,,
20071129,,,,,
20071130,,,,,
20071203,,,,,
20071204,,,,,
20071205,,,,,
20071206,,,,,
20071207,,,,,
20071210,,,,,
20071211,,,,,
20071213,,,,,
20071214,,,,,
20071217,,,,,
20071218,,,,,
20071219,,,,,
20071220,,,,,
20071221,,,,,
20071224,,,,,
20071227,,,,,
20071228,,,,,
20071231,,,,,
