Date;Lowest Price of the Day;Highest Price of the Day;Closing Price;Previous Day Closing Price;Volume Traded
20140102,,,,,
20140103,,,,,
20140106,,,,,
20140107,,,,,
20140108,,,,,
20140109,,,,,
20140110,,,,,
20140113,,,,,
20140114,,,,,
20140115,,,,,
20140116,,,,,
20140117,,,,,
20140120,,,,,
20140121,,,,,
20140122,,,,,
20140123,,,,,
20140124,,,,,
20140127,,,,,
20140128,,,,,
20140129,,,,,
20140130,,,,,
20140131,,,,,
20140203,,,,,
20140204,,,,,
20140205,,,,,
20140206,,,,,
20140207,,,,,
20140210,,,,,
20140211,,,,,
20140212,,,,,
20140213,,,,,
20140214,,,,,
20140217,,,,,
20140218,,,,,
20140219,,,,,
20140220,,,,,
20140221,,,,,
20140224,,,,,
20140225,,,,,
20140226,,,,,
20140227,,,,,
20140228,,,,,
20140303,,,,,
20140304,,,,,
20140305,,,,,
20140306,,,,,
20140307,,,,,
20140310,,,,,
20140311,,,,,
20140312,,,,,
20140313,,,,,
20140314,,,,,
20140317,,,,,
20140318,,,,,
20140319,,,,,
20140320,,,,,
20140321,,,,,
20140324,,,,,
20140325,,,,,
20140326,,,,,
20140327,,,,,
20140328,,,,,
20140331,,,,,
20140401,,,,,
20140402,,,,,
20140403,,,,,
20140404,,,,,
20140407,,,,,
20140408,,,,,
20140409,,,,,
20140410,,,,,
20140411,,,,,
20140414,,,,,
20140415,,,,,
20140416,,,,,
20140417,,,,,
20140422,,,,,
20140423,,,,,
20140424,,,,,
20140425,,,,,
20140428,,,,,
20140429,,,,,
20140430,,,,,
20140502,,,,,
20140505,,,,,
20140506,,,,,
20140507,,,,,
20140508,,,,,
20140509,,,,,
20140512,,,,,
20140513,,,,,
20140514,,,,,
20140515,,,,,
20140516,,,,,
20140519,,,,,
20140520,,,,,
20140521,,,,,
20140522,,,,,
20140523,,,,,
20140526,,,,,
20140527,,,,,
20140528,,,,,
20140529,,,,,
20140530,,,,,
20140603,,,,,
20140604,,,,,
20140605,,,,,
20140606,,,,,
20140609,,,,,
20140610,,,,,
20140611,,,,,
20140612,,,,,
20140613,,,,,
20140616,,,,,
20140617,,,,,
20140618,,,,,
20140619,,,,,
20140620,,,,,
20140623,,,,,
20140624,,,,,
20140625,,,,,
20140626,,,,,
20140627,,,,,
20140630,,,,,
20140701,,,,,
20140702,,,,,
20140703,,,,,
20140704,,,,,
20140707,,,,,
20140708,,,,,
20140709,,,,,
20140710,,,,,
20140711,,,,,
20140714,,,,,
20140715,,,,,
20140716,,,,,
20140717,,,,,
20140718,,,,,
20140721,,,,,
20140722,,,,,
20140723,,,,,
20140724,,,,,
20140725,,,,,
20140728,,,,,
20140729,,,,,
20140730,,,,,
20140731,,,,,
20140801,,,,,
20140804,,,,,
20140805,,,,,
20140806,,,,,
20140807,,,,,
20140808,,,,,
20140811,,,,,
20140812,,,,,
20140813,,,,,
20140814,,,,,
20140815,,,,,
20140818,,,,,
20140819,,,,,
20140820,,,,,
20140821,,,,,
20140822,,,,,
20140825,,,,,
20140826,,,,,
20140827,,,,,
20140828,,,,,
20140829,,,,,
20140901,,,,,
20140902,,,,,
20140903,,,,,
20140904,,,,,
20140905,,,,,
20140908,,,,,
20140909,,,,,
20140910,,,,,
20140911,,,,,
20140912,,,,,
20140915,,,,,
20140916,,,,,
20140917,,,,,
20140918,,,,,
20140919,,,,,
20140922,,,,,
20140923,,,,,
20140924,,,,,
20140925,,,,,
20140926,,,,,
20140929,,,,,
20140930,,,,,
20141001,,,,,
20141002,,,,,
20141003,,,,,
20141006,,,,,
20141007,,,,,
20141008,,,,,
20141009,,,,,
20141010,,,,,
20141013,,,,,
20141014,,,,,
20141015,,,,,
20141016,,,,,
20141017,,,,,
20141021,,,,,
20141022,,,,,
20141023,,,,,
20141024,,,,,
20141027,,,,,
20141028,,,,,
20141029,,,,,
20141030,,,,,
20141031,,,,,
20141103,,,,,
20141104,,,,,
20141105,,,,,
20141106,,,,,
20141107,,,,,
20141110,,,,,
20141111,,,,,
20141112,,,,,
20141113,,,,,
20141114,,,,,
20141117,,,,,
20141118,,,,,
20141119,,,,,
20141120,,,,,
20141121,,,,,
20141124,,,,,
20141125,,,,,
20141126,,,,,
20141127,,,,,
20141128,,,,,
20141201,,,,,
20141202,,,,,
20141203,,,,,
20141204,,,,,
20141205,,,,,
20141208,,,,,
20141209,,,,,
20141210,,,,,
20141211,,,,,
20141215,,,,,
20141216,,,,,
20141217,,,,,
20141218,,,,,
20141219,,,,,
20141222,,,,,
20141223,,,,,
20141224,,,,,
20141229,,,,,
20141230,,,,,
20141231,,,,,
