Date;Lowest Price of the Day;Highest Price of the Day;Closing Price;Previous Day Closing Price;Volume Traded
20190102,,,,,
20190103,,,,,
20190104,,,,,
20190107,,,,,
20190108,,,,,
20190109,,,,,
20190110,,,,,
20190111,,,,,
20190114,,,,,
20190115,,,,,
20190116,,,,,
20190117,,,,,
20190118,,,,,
20190121,,,,,
20190122,,,,,
20190123,,,,,
20190124,,,,,
20190125,,,,,
20190128,,,,,
20190129,,,,,
20190130,,,,,
20190131,,,,,
20190201,,,,,
20190204,,,,,
20190205,,,,,
20190206,,,,,
20190207,,,,,
20190208,,,,,
20190211,,,,,
20190212,,,,,
20190213,,,,,
20190214,,,,,
20190215,,,,,
20190218,,,,,
20190219,,,,,
20190220,,,,,
20190221,,,,,
20190222,,,,,
20190225,,,,,
20190226,,,,,
20190227,,,,,
20190228,,,,,
20190301,,,,,
20190304,,,,,
20190305,,,,,
20190306,,,,,
20190307,,,,,
20190308,,,,,
20190311,,,,,
20190312,,,,,
20190313,,,,,
20190314,,,,,
20190315,,,,,
20190318,,,,,
20190319,,,,,
20190320,,,,,
20190321,,,,,
20190322,,,,,
20190325,,,,,
20190326,,,,,
20190327,,,,,
20190328,,,,,
20190329,,,,,
20190401,,,,,
20190402,,,,,
20190403,,,,,
20190404,,,,,
20190405,,,,,
20190408,,,,,
20190409,,,,,
20190410,,,,,
20190411,,,,,
20190412,,,,,
20190415,,,,,
20190416,,,,,
20190417,,,,,
20190418,,,,,
20190423,,,,,
20190424,,,,,
20190425,,,,,
20190426,,,,,
20190429,,,,,
20190430,,,,,
20190502,,,,,
20190503,,,,,
20190506,,,,,
20190507,,,,,
20190508,,,,,
20190509,,,,,
20190510,,,,,
20190513,,,,,
20190514,,,,,
20190515,,,,,
20190516,,,,,
20190517,,,,,
20190520,,,,,
20190521,,,,,
20190522,,,,,
20190523,,,,,
20190524,,,,,
20190527,,,,,
20190528,,,,,
20190529,,,,,
20190530,,,,,
20190531,,,,,
20190603,,,,,
20190604,,,,,
20190605,,,,,
20190606,,,,,
20190607,,,,,
20190610,,,,,
20190611,,,,,
20190612,,,,,
20190613,,,,,
20190614,,,,,
20190617,,,,,
20190618,,,,,
20190619,,,,,
20190620,,,,,
20190621,,,,,
20190624,,,,,
20190625,,,,,
20190626,,,,,
20190627,,,,,
20190628,,,,,
20190701,,,,,
20190702,,,,,
20190703,,,,,
20190704,,,,,
20190705,,,,,
20190708,,,,,
20190709,,,,,
20190710,,,,,
20190711,,,,,
20190712,,,,,
20190715,,,,,
20190716,,,,,
20190717,,,,,
20190718,,,,,
20190719,,,,,
20190722,,,,,
20190723,,,,,
20190724,,,,,
20190725,,,,,
20190726,,,,,
20190729,,,,,
20190730,,,,,
20190731,,,,,
20190801,,,,,
20190802,,,,,
20190805,,,,,
20190806,,,,,
20190807,,,,,
20190808,,,,,
20190809,,,,,
20190812,,,,,
20190813,,,,,
20190814,,,,,
20190815,,,,,
20190816,,,,,
20190819,,,,,
20190820,,,,,
20190821,,,,,
20190822,,,,,
20190823,,,,,
20190826,,,,,
20190827,,,,,
20190828,,,,,
20190829,,,,,
20190830,,,,,
20190902,,,,,
20190903,,,,,
20190904,,,,,
20190905,,,,,
20190906,,,,,
20190909,,,,,
20190910,,,,,
20190911,,,,,
20190912,,,,,
20190913,,,,,
20190916,,,,,
20190917,,,,,
20190918,,,,,
20190919,,,,,
20190920,,,,,
20190923,,,,,
20190924,,,,,
20190925,,,,,
20190926,,,,,
20190927,,,,,
20190930,,,,,
20191001,,,,,
20191002,,,,,
20191003,,,,,
20191004,,,,,
20191007,,,,,
20191008,,,,,
20191009,,,,,
20191010,,,,,
20191011,,,,,
20191014,,,,,
20191015,,,,,
20191016,,,,,
20191017,,,,,
20191018,,,,,
20191022,,,,,
20191023,,,,,
20191024,,,,,
20191025,,,,,
20191028,,,,,
20191029,,,,,
20191030,,,,,
20191031,,,,,
20191101,,,,,
20191104,,,,,
20191105,,,,,
20191106,,,,,
20191107,,,,,
20191108,,,,,
20191111,,,,,
20191112,,,,,
20191113,,,,,
20191114,,,,,
20191115,,,,,
20191118,,,,,
20191119,,,,,
20191120,,,,,
20191121,,,,,
20191122,,,,,
20191125,,,,,
20191126,,,,,
20191127,,,,,
20191128,,,,,
20191129,,,,,
20191202,,,,,
20191203,,,,,
20191204,,,,,
20191205,,,,,
20191206,,,,,
20191209,,,,,
20191210,,,,,
20191211,,,,,
20191213,,,,,
20191216,,,,,
20191217,,,,,
20191218,,,,,
20191219,,,,,
20191220,,,,,
20191223,,,,,
20191224,,,,,
20191227,,,,,
20191230,,,,,
20191231,,,,,
