Date;Lowest Price of the Day;Highest Price of the Day;Closing Price;Previous Day Closing Price;Volume Traded
20150102,,,,,
20150105,,,,,
20150106,,,,,
20150107,,,,,
20150108,,,,,
20150109,,,,,
20150112,,,,,
20150113,,,,,
20150114,,,,,
20150115,,,,,
20150116,,,,,
20150119,,,,,
20150120,,,,,
20150121,,,,,
20150122,,,,,
20150123,,,,,
20150126,,,,,
20150127,,,,,
20150128,,,,,
20150129,,,,,
20150130,,,,,
20150202,,,,,
20150203,,,,,
20150204,,,,,
20150205,,,,,
20150206,,,,,
20150209,,,,,
20150210,,,,,
20150211,,,,,
20150212,,,,,
20150213,,,,,
20150216,,,,,
20150217,,,,,
20150218,,,,,
20150219,,,,,
20150220,,,,,
20150223,,,,,
20150224,,,,,
20150225,,,,,
20150226,,,,,
20150227,,,,,
20150302,,,,,
20150303,,,,,
20150304,,,,,
20150305,,,,,
20150306,,,,,
20150309,,,,,
20150310,,,,,
20150311,,,,,
20150312,,,,,
20150313,,,,,
20150316,,,,,
20150317,,,,,
20150318,,,,,
20150319,,,,,
20150320,,,,,
20150323,,,,,
20150324,,,,,
20150325,,,,,
20150326,,,,,
20150327,,,,,
20150330,,,,,
20150331,,,,,
20150401,,,,,
20150402,,,,,
20150407,,,,,
20150408,,,,,
20150409,,,,,
20150410,,,,,
20150413,,,,,
20150414,,,,,
20150415,,,,,
20150416,,,,,
20150417,,,,,
20150420,,,,,
20150421,,,,,
20150422,,,,,
20150423,,,,,
20150424,,,,,
20150427,,,,,
20150428,,,,,
20150429,,,,,
20150430,,,,,
20150504,,,,,
20150505,,,,,
20150506,,,,,
20150507,,,,,
20150508,,,,,
20150511,,,,,
20150512,,,,,
20150513,,,,,
20150514,,,,,
20150515,,,,,
20150518,,,,,
20150519,,,,,
20150520,,,,,
20150521,,,,,
20150522,,,,,
20150525,,,,,
20150526,,,,,
20150527,,,,,
20150528,,,,,
20150529,,,,,
20150602,,,,,
20150603,,,,,
20150604,,,,,
20150605,,,,,
20150608,,,,,
20150609,,,,,
20150610,,,,,
20150611,,,,,
20150612,,,,,
20150615,,,,,
20150616,,,,,
20150617,,,,,
20150618,,,,,
20150619,,,,,
20150622,,,,,
20150623,,,,,
20150624,,,,,
20150625,,,,,
20150626,,,,,
20150629,,,,,
20150630,,,,,
20150701,,,,,
20150702,,,,,
20150703,,,,,
20150706,,,,,
20150707,,,,,
20150708,,,,,
20150709,,,,,
20150710,,,,,
20150713,,,,,
20150714,,,,,
20150715,,,,,
20150716,,,,,
20150717,,,,,
20150720,,,,,
20150721,,,,,
20150722,,,,,
20150723,,,,,
20150724,,,,,
20150727,,,,,
20150728,,,,,
20150729,,,,,
20150730,,,,,
20150731,,,,,
20150803,,,,,
20150804,,,,,
20150805,,,,,
20150806,,,,,
20150807,,,,,
20150810,,,,,
20150811,,,,,
20150812,,,,,
20150813,,,,,
20150814,,,,,
20150817,,,,,
20150818,,,,,
20150819,,,,,
20150820,,,,,
20150821,,,,,
20150824,,,,,
20150825,,,,,
20150826,,,,,
20150827,,,,,
20150828,,,,,
20150831,,,,,
20150901,,,,,
20150902,,,,,
20150903,,,,,
20150904,,,,,
20150907,,,,,
20150908,,,,,
20150909,,,,,
20150910,,,,,
20150911,,,,,
20150914,,,,,
20150915,,,,,
20150916,,,,,
20150917,,,,,
20150918,,,,,
20150921,,,,,
20150922,,,,,
20150923,,,,,
20150924,,,,,
20150925,,,,,
20150928,,,,,
20150929,,,,,
20150930,,,,,
20151001,,,,,
20151002,,,,,
20151005,,,,,
20151006,,,,,
20151007,,,,,
20151008,,,,,
20151009,,,,,
20151012,,,,,
20151013,,,,,
20151014,,,,,
20151015,,,,,
20151016,,,,,
20151019,,,,,
20151021,,,,,
20151022,,,,,
20151023,,,,,
20151026,,,,,
20151027,,,,,
20151028,,,,,
20151029,,,,,
20151030,,,,,
20151102,,,,,
20151103,,,,,
20151104,,,,,
20151105,,,,,
20151106,,,,,
20151109,,,,,
20151110,,,,,
20151111,,,,,
20151112,,,,,
20151113,,,,,
20151116,,,,,
20151117,,,,,
20151118,,,,,
20151119,,,,,
20151120,,,,,
20151123,,,,,
20151124,,,,,
20151125,,,,,
20151126,,,,,
20151127,,,,,
20151130,,,,,
20151201,,,,,
20151202,,,,,
20151203,,,,,
20151204,,,,,
20151207,,,,,
20151208,,,,,
20151209,,,,,
20151210,,,,,
20151211,,,,,
20151214,,,,,
20151215,,,,,
20151216,,,,,
20151217,,,,,
20151218,,,,,
20151221,,,,,
20151222,,,,,
20151223,,,,,
20151224,,,,,
20151228,,,,,
20151229,,,,,
20151230,,,,,
20151231,,,,,
