Date;Lowest Price of the Day;Highest Price of the Day;Closing Price;Previous Day Closing Price;Volume Traded
20080102,,,,,
20080103,,,,,
20080104,,,,,
20080107,,,,,
20080108,,,,,
20080109,,,,,
20080110,,,,,
20080111,,,,,
20080114,,,,,
20080115,,,,,
20080116,,,,,
20080117,,,,,
20080118,,,,,
20080121,,,,,
20080122,,,,,
20080123,,,,,
20080124,,,,,
20080125,,,,,
20080128,,,,,
20080129,,,,,
20080130,,,,,
20080131,,,,,
20080201,,,,,
20080204,,,,,
20080205,,,,,
20080206,,,,,
20080207,,,,,
20080208,,,,,
20080211,,,,,
20080212,,,,,
20080213,,,,,
20080214,,,,,
20080215,,,,,
20080218,,,,,
20080219,,,,,
20080220,,,,,
20080221,,,,,
20080222,,,,,
20080225,,,,,
20080226,,,,,
20080227,,,,,
20080228,,,,,
20080229,,,,,
20080303,,,,,
20080304,,,,,
20080305,,,,,
20080306,,,,,
20080307,,,,,
20080310,,,,,
20080311,,,,,
20080312,,,,,
20080313,,,,,
20080314,,,,,
20080317,,,,,
20080318,,,,,
20080319,,,,,
20080320,,,,,
20080325,,,,,
20080326,,,,,
20080327,,,,,
20080328,,,,,
20080331,,,,,
20080401,,,,,
20080402,,,,,
20080403,,,,,
20080404,,,,,
20080407,,,,,
20080408,,,,,
20080409,,,,,
20080410,,,,,
20080411,,,,,
20080414,,,,,
20080415,,,,,
20080416,,,,,
20080417,,,,,
20080418,,,,,
20080421,,,,,
20080422,,,,,
20080423,,,,,
20080424,,,,,
20080425,,,,,
20080428,,,,,
20080429,,,,,
20080430,,,,,
20080502,,,,,
20080505,,,,,
20080506,,,,,
20080507,,,,,
20080508,,,,,
20080509,,,,,
20080512,,,,,
20080513,,,,,
20080514,,,,,
20080515,,,,,
20080516,,,,,
20080519,,,,,
20080520,,,,,
20080521,,,,,
20080522,,,,,
20080523,,,,,
20080526,,,,,
20080527,,,,,
20080528,,,,,
20080529,,,,,
20080530,,,,,
20080603,,,,,
20080604,,,,,
20080605,,,,,
20080606,,,,,
20080609,,,,,
20080610,,,,,
20080611,,,,,
20080612,,,,,
20080613,,,,,
20080616,,,,,
20080617,,,,,
20080618,,,,,
20080619,,,,,
20080620,,,,,
20080623,,,,,
20080624,,,,,
20080625,,,,,
20080626,,,,,
20080627,,,,,
20080630,,,,,
20080701,,,,,
20080702,,,,,
20080703,,,,,
20080704,,,,,
20080707,,,,,
20080708,,,,,
20080709,,,,,
20080710,,,,,
20080711,,,,,
20080714,,,,,
20080715,,,,,
20080716,,,,,
20080717,,,,,
20080718,,,,,
20080721,,,,,
20080722,,,,,
20080723,,,,,
20080724,,,,,
20080725,,,,,
20080728,,,,,
20080729,,,,,
20080730,,,,,
20080731,,,,,
20080801,,,,,
20080804,,,,,
20080805,,,,,
20080806,,,,,
20080807,,,,,
20080808,,,,,
20080811,,,,,
20080812,,,,,
20080813,,,,,
20080814,,,,,
20080815,,,,,
20080818,,,,,
20080819,,,,,
20080820,,,,,
20080821,,,,,
20080822,,,,,
20080825,,,,,
20080826,,,,,
20080827,,,,,
20080828,,,,,
20080829,,,,,
20080901,,,,,
20080902,,,,,
20080903,,,,,
20080904,,,,,
20080905,,,,,
20080908,,,,,
20080909,,,,,
20080910,,,,,
20080911,,,,,
20080912,,,,,
20080915,,,,,
20080916,,,,,
20080917,,,,,
20080918,,,,,
20080919,,,,,
20080922,,,,,
20080923,,,,,
20080924,,,,,
20080925,,,,,
20080926,,,,,
20080929,,,,,
20080930,,,,,
20081001,,,,,
20081002,,,,,
20081003,,,,,
20081006,,,,,
20081007,,,,,
20081008,,,,,
20081009,,,,,
20081010,,,,,
20081013,,,,,
20081014,,,,,
20081015,,,,,
20081016,,,,,
20081017,,,,,
20081021,,,,,
20081022,,,,,
20081023,,,,,
20081024,,,,,
20081027,,,,,
20081028,,,,,
20081029,,,,,
20081030,,,,,
20081031,,,,,
20081103,,,,,
20081104,,,,,
20081105,,,,,
20081106,,,,,
20081107,,,,,
20081110,,,,,
20081111,,,,,
20081112,,,,,
20081113,,,,,
20081114,,,,,
20081117,,,,,
20081118,,,,,
20081119,,,,,
20081120,,,,,
20081121,,,,,
20081124,,,,,
20081125,,,,,
20081126,,,,,
20081127,,,,,
20081128,,,,,
20081201,,,,,
20081202,,,,,
20081203,,,,,
20081204,,,,,
20081205,,,,,
20081208,,,,,
20081209,,,,,
20081210,,,,,
20081211,,,,,
20081215,,,,,
20081216,,,,,
20081217,,,,,
20081218,,,,,
20081219,,,,,
20081222,,,,,
20081223,,,,,
20081224,,,,,
20081229,,,,,
20081230,,,,,
20081231,,,,,
