20180102,,,,,
20180103,,,,,
20180104,,,,,
20180105,,,,,
20180108,,,,,
20180109,,,,,
20180110,,,,,
20180111,,,,,
20180112,,,,,
20180115,,,,,
20180116,,,,,
20180117,,,,,
20180118,,,,,
20180119,,,,,
20180122,,,,,
20180123,,,,,
20180124,,,,,
20180125,,,,,
20180126,,,,,
20180129,,,,,
20180130,,,,,
20180131,,,,,
20180201,,,,,
20180202,,,,,
20180205,,,,,
20180206,,,,,
20180207,,,,,
20180208,,,,,
20180209,,,,,
20180212,,,,,
20180213,,,,,
20180214,,,,,
20180215,,,,,
20180216,,,,,
20180219,,,,,
20180220,,,,,
20180221,,,,,
20180222,,,,,
20180223,,,,,
20180226,,,,,
20180227,,,,,
20180228,,,,,
