Date;Lowest Price of the Day;Highest Price of the Day;Closing Price;Previous Day Closing Price;Volume Traded
20220103,,,,,
20220104,,,,,
20220105,,,,,
20220106,,,,,
20220107,,,,,
20220110,,,,,
20220111,,,,,
20220112,,,,,
20220113,,,,,
20220114,,,,,
20220117,,,,,
20220118,,,,,
20220119,,,,,
20220120,,,,,
20220121,,,,,
20220124,,,,,
20220125,,,,,
20220126,,,,,
20220127,,,,,
20220128,,,,,
20220131,,,,,
20220201,,,,,
20220202,,,,,
20220203,,,,,
20220204,,,,,
20220207,,,,,
20220208,,,,,
20220209,,,,,
20220210,,,,,
20220211,,,,,
20220214,,,,,
20220215,,,,,
20220216,,,,,
20220217,,,,,
20220218,,,,,
20220221,,,,,
20220222,,,,,
20220223,,,,,
20220224,,,,,
20220225,,,,,
20220228,,,,,
20220301,,,,,
20220302,,,,,
20220303,,,,,
20220304,,,,,
20220307,,,,,
20220308,,,,,
20220309,,,,,
20220310,,,,,
20220311,,,,,
20220314,,,,,
20220315,,,,,
20220316,,,,,
20220317,,,,,
20220318,,,,,
20220321,,,,,
20220322,,,,,
20220323,,,,,
20220324,,,,,
20220325,,,,,
20220328,,,,,
20220329,,,,,
20220330,,,,,
20220331,,,,,
20220401,,,,,
20220404,,,,,
20220405,,,,,
20220406,,,,,
20220407,,,,,
20220408,,,,,
20220411,,,,,
20220412,,,,,
20220413,,,,,
20220414,,,,,
20220419,,,,,
20220420,,,,,
20220421,,,,,
20220422,,,,,
20220425,,,,,
20220426,,,,,
20220427,,,,,
20220428,,,,,
