Date;Lowest Price of the Day;Highest Price of the Day;Closing Price;Previous Day Closing Price;Volume Traded
20100104,,,,,
20100105,,,,,
20100106,,,,,
20100107,,,,,
20100108,,,,,
20100111,,,,,
20100112,,,,,
20100113,,,,,
20100114,,,,,
20100115,,,,,
20100118,,,,,
20100119,,,,,
20100120,,,,,
20100121,,,,,
20100122,,,,,
20100125,,,,,
20100126,,,,,
20100127,,,,,
20100128,,,,,
20100129,,,,,
20100201,,,,,
20100202,,,,,
20100203,,,,,
20100204,,,,,
20100205,,,,,
20100208,,,,,
20100209,,,,,
20100210,,,,,
20100211,,,,,
20100212,,,,,
20100215,,,,,
20100216,,,,,
20100217,,,,,
20100218,,,,,
20100219,,,,,
20100222,,,,,
20100223,,,,,
20100224,,,,,
20100225,,,,,
20100226,,,,,
20100301,,,,,
20100302,,,,,
20100303,,,,,
20100304,,,,,
20100305,,,,,
20100308,,,,,
20100309,,,,,
20100310,,,,,
20100311,,,,,
20100312,,,,,
20100315,,,,,
20100316,,,,,
20100317,,,,,
20100318,,,,,
20100319,,,,,
20100322,,,,,
20100323,,,,,
20100324,,,,,
20100325,,,,,
20100326,,,,,
20100329,,,,,
20100330,,,,,
20100331,,,,,
20100401,,,,,
20100406,,,,,
20100407,,,,,
20100408,,,,,
20100409,,,,,
20100412,,,,,
20100413,,,,,
20100414,,,,,
20100415,,,,,
20100416,,,,,
20100419,,,,,
20100420,,,,,
20100421,,,,,
20100422,,,,,
20100423,,,,,
20100426,,,,,
20100427,,,,,
20100428,,,,,
20100429,,,,,
20100430,,,,,
20100503,,,,,
20100504,,,,,
20100505,,,,,
20100506,,,,,
20100507,,,,,
20100510,,,,,
20100511,,,,,
20100512,,,,,
20100513,,,,,
20100514,,,,,
20100517,,,,,
20100518,,,,,
20100519,,,,,
20100520,,,,,
20100521,,,,,
20100524,,,,,
20100525,,,,,
20100526,,,,,
20100527,,,,,
20100528,,,,,
20100531,,,,,
20100602,,,,,
20100603,,,,,
20100604,,,,,
20100607,,,,,
20100608,,,,,
20100609,,,,,
20100610,,,,,
20100611,,,,,
20100614,,,,,
20100615,,,,,
20100616,,,,,
20100617,,,,,
20100618,,,,,
20100621,,,,,
20100622,,,,,
20100623,,,,,
20100624,,,,,
20100625,,,,,
20100628,,,,,
20100629,,,,,
20100630,,,,,
20100701,,,,,
20100702,,,,,
20100705,,,,,
20100706,,,,,
20100707,,,,,
20100708,,,,,
20100709,,,,,
20100712,,,,,
20100713,,,,,
20100714,,,,,
20100715,,,,,
20100716,,,,,
20100719,,,,,
20100720,,,,,
20100721,,,,,
20100722,,,,,
20100723,,,,,
20100726,,,,,
20100727,,,,,
20100728,,,,,
20100729,,,,,
20100730,,,,,
20100802,,,,,
20100803,,,,,
20100804,,,,,
20100805,,,,,
20100806,,,,,
20100809,,,,,
20100810,,,,,
20100811,,,,,
20100812,,,,,
20100813,,,,,
20100816,,,,,
20100817,,,,,
20100818,,,,,
20100819,,,,,
20100820,,,,,
20100823,,,,,
20100824,,,,,
20100825,,,,,
20100826,,,,,
20100827,,,,,
20100830,,,,,
20100831,,,,,
20100901,,,,,
20100902,,,,,
20100903,,,,,
20100906,,,,,
20100907,,,,,
20100908,,,,,
20100909,,,,,
20100910,,,,,
20100913,,,,,
20100914,,,,,
20100915,,,,,
20100916,,,,,
20100917,,,,,
20100920,,,,,
20100921,,,,,
20100922,,,,,
20100923,,,,,
20100924,,,,,
20100927,,,,,
20100928,,,,,
20100929,,,,,
20100930,,,,,
20101001,,,,,
20101004,,,,,
20101005,,,,,
20101006,,,,,
20101007,,,,,
20101008,,,,,
20101011,,,,,
20101012,,,,,
20101013,,,,,
20101014,,,,,
20101015,,,,,
20101018,,,,,
20101019,,,,,
20101021,,,,,
20101022,,,,,
20101025,,,,,
20101026,,,,,
20101027,,,,,
20101028,,,,,
20101029,,,,,
20101101,,,,,
20101102,,,,,
20101103,,,,,
20101104,,,,,
20101105,,,,,
20101108,,,,,
20101109,,,,,
20101110,,,,,
20101111,,,,,
20101112,,,,,
20101115,,,,,
20101116,,,,,
20101117,,,,,
20101118,,,,,
20101119,,,,,
20101122,,,,,
20101123,,,,,
20101124,,,,,
20101125,,,,,
20101126,,,,,
20101129,,,,,
20101130,,,,,
20101201,,,,,
20101202,,,,,
20101203,,,,,
20101206,,,,,
20101207,,,,,
20101208,,,,,
20101209,,,,,
20101210,,,,,
20101214,,,,,
20101215,,,,,
20101216,,,,,
20101217,,,,,
20101220,,,,,
20101221,,,,,
20101222,,,,,
20101223,,,,,
20101224,,,,,
20101228,,,,,
20101229,,,,,
20101230,,,,,
20101231,,,,,
