Date;Lowest Price of the Day;Highest Price of the Day;Closing Price;Previous Day Closing Price;Volume Traded
20170103,,,,,
20170104,,,,,
20170105,,,,,
20170106,,,,,
20170109,,,,,
20170110,,,,,
20170111,,,,,
20170112,,,,,
20170113,,,,,
20170116,,,,,
20170117,,,,,
20170118,,,,,
20170119,,,,,
20170120,,,,,
20170123,,,,,
20170124,,,,,
20170125,,,,,
20170126,,,,,
20170127,,,,,
20170130,,,,,
20170131,,,,,
20170201,,,,,
20170202,,,,,
20170203,,,,,
20170206,,,,,
20170207,,,,,
20170208,,,,,
20170209,,,,,
20170210,,,,,
20170213,,,,,
20170214,,,,,
20170215,,,,,
20170216,,,,,
20170217,,,,,
20170220,,,,,
20170221,,,,,
20170222,,,,,
20170223,,,,,
20170224,,,,,
20170227,,,,,
20170228,,,,,
20170301,,,,,
20170302,,,,,
20170303,,,,,
20170306,,,,,
20170307,,,,,
20170308,,,,,
20170309,,,,,
20170310,,,,,
20170313,,,,,
20170314,,,,,
20170315,,,,,
20170316,,,,,
20170317,,,,,
20170320,,,,,
20170321,,,,,
20170322,,,,,
20170323,,,,,
20170324,,,,,
20170327,,,,,
20170328,,,,,
20170329,,,,,
20170330,,,,,
20170331,,,,,
20170403,,,,,
20170404,,,,,
20170405,,,,,
20170406,,,,,
20170407,,,,,
20170410,,,,,
20170411,,,,,
20170412,,,,,
20170413,,,,,
20170418,,,,,
20170419,,,,,
20170420,,,,,
20170421,,,,,
20170424,,,,,
20170425,,,,,
20170426,,,,,
20170427,,,,,
20170428,,,,,
20170502,,,,,
20170503,,,,,
20170504,,,,,
20170505,,,,,
20170508,,,,,
20170509,,,,,
20170510,,,,,
20170511,,,,,
20170512,,,,,
20170515,,,,,
20170516,,,,,
20170517,,,,,
20170518,,,,,
20170519,,,,,
20170522,,,,,
20170523,,,,,
20170524,,,,,
20170525,,,,,
20170526,,,,,
20170529,,,,,
20170530,,,,,
20170531,,,,,
20170602,,,,,
20170605,,,,,
20170606,,,,,
20170607,,,,,
20170608,,,,,
20170609,,,,,
20170612,,,,,
20170613,,,,,
20170614,,,,,
20170615,,,,,
20170616,,,,,
20170619,,,,,
20170620,,,,,
20170621,,,,,
20170622,,,,,
20170623,,,,,
20170626,,,,,
20170627,,,,,
20170628,,,,,
20170629,,,,,
20170630,,,,,
20170703,,,,,
20170704,,,,,
20170705,,,,,
20170706,,,,,
20170707,,,,,
20170710,,,,,
20170711,,,,,
20170712,,,,,
20170713,,,,,
20170714,,,,,
20170717,,,,,
20170718,,,,,
20170719,,,,,
20170720,,,,,
20170721,,,,,
20170724,,,,,
20170725,,,,,
20170726,,,,,
20170727,,,,,
20170728,,,,,
20170731,,,,,
20170801,,,,,
20170802,,,,,
20170803,,,,,
20170804,,,,,
20170807,,,,,
20170808,,,,,
20170809,,,,,
20170810,,,,,
20170811,,,,,
20170814,,,,,
20170815,,,,,
20170816,,,,,
20170817,,,,,
20170818,,,,,
20170821,,,,,
20170822,,,,,
20170823,,,,,
20170824,,,,,
20170825,,,,,
20170828,,,,,
20170829,,,,,
20170830,,,,,
20170831,,,,,
20170901,,,,,
20170904,,,,,
20170905,,,,,
20170906,,,,,
20170907,,,,,
20170908,,,,,
20170911,,,,,
20170912,,,,,
20170913,,,,,
20170914,,,,,
20170915,,,,,
20170918,,,,,
20170919,,,,,
20170920,,,,,
20170921,,,,,
20170922,,,,,
20170925,,,,,
20170926,,,,,
20170927,,,,,
20170928,,,,,
20170929,,,,,
20171002,,,,,
20171003,,,,,
20171004,,,,,
20171005,,,,,
20171006,,,,,
20171009,,,,,
20171010,,,,,
20171011,,,,,
20171012,,,,,
20171013,,,,,
20171016,,,,,
20171017,,,,,
20171018,,,,,
20171019,,,,,
20171023,,,,,
20171024,,,,,
20171025,,,,,
20171026,,,,,
20171027,,,,,
20171030,,,,,
20171031,,,,,
20171101,,,,,
20171102,,,,,
20171103,,,,,
20171106,,,,,
20171107,,,,,
20171108,,,,,
20171109,,,,,
20171110,,,,,
20171113,,,,,
20171114,,,,,
20171115,,,,,
20171116,,,,,
20171117,,,,,
20171120,,,,,
20171121,,,,,
20171122,,,,,
20171123,,,,,
20171124,,,,,
20171127,,,,,
20171128,,,,,
20171129,,,,,
20171130,,,,,
20171201,,,,,
20171204,,,,,
20171205,,,,,
20171206,,,,,
20171207,,,,,
20171208,,,,,
20171211,,,,,
20171213,,,,,
20171214,,,,,
20171215,,,,,
20171218,,,,,
20171219,,,,,
20171220,,,,,
20171221,,,,,
20171222,,,,,
20171227,,,,,
20171228,,,,,
20171229,,,,,
