Date;Lowest Price of the Day;Highest Price of the Day;Closing Price;Previous Day Closing Price;Volume Traded
20210104,,,,,
20210105,,,,,
20210106,,,,,
20210107,,,,,
20210108,,,,,
20210111,,,,,
20210112,,,,,
20210113,,,,,
20210114,,,,,
20210115,,,,,
20210118,,,,,
20210119,,,,,
20210120,,,,,
20210121,,,,,
20210122,,,,,
20210125,,,,,
20210126,,,,,
20210127,,,,,
20210128,,,,,
20210129,,,,,
20210201,,,,,
20210202,,,,,
20210203,,,,,
20210204,,,,,
20210205,,,,,
20210208,,,,,
20210209,,,,,
20210210,,,,,
20210211,,,,,
20210212,,,,,
20210215,,,,,
20210216,,,,,
20210217,,,,,
20210218,,,,,
20210219,,,,,
20210222,,,,,
20210223,,,,,
20210224,,,,,
20210225,,,,,
20210226,,,,,
20210301,,,,,
20210302,,,,,
20210303,,,,,
20210304,,,,,
20210305,,,,,
20210308,,,,,
20210309,,,,,
20210310,,,,,
20210311,,,,,
20210312,,,,,
20210315,,,,,
20210316,,,,,
20210317,,,,,
20210318,,,,,
20210319,,,,,
20210322,,,,,
20210323,,,,,
20210324,,,,,
20210325,,,,,
20210326,,,,,
20210329,,,,,
20210330,,,,,
20210331,,,,,
