Date;Lowest Price of the Day;Highest Price of the Day;Closing Price;Previous Day Closing Price;Volume Traded
20130102,,,,,
20130103,,,,,
20130104,,,,,
20130107,,,,,
20130108,,,,,
20130109,,,,,
20130110,,,,,
20130111,,,,,
20130114,,,,,
20130115,,,,,
20130116,,,,,
20130117,,,,,
20130118,,,,,
20130121,,,,,
20130122,,,,,
20130123,,,,,
20130124,,,,,
20130125,,,,,
20130128,,,,,
20130129,,,,,
20130130,,,,,
20130131,,,,,
20130201,,,,,
20130204,,,,,
20130205,,,,,
20130206,,,,,
20130207,,,,,
20130208,,,,,
20130211,,,,,
20130212,,,,,
20130213,,,,,
20130214,,,,,
20130215,,,,,
20130218,,,,,
20130219,,,,,
20130220,,,,,
20130221,,,,,
20130222,,,,,
20130225,,,,,
20130226,,,,,
20130227,,,,,
20130228,,,,,
20130301,,,,,
20130304,,,,,
20130305,,,,,
20130306,,,,,
20130307,,,,,
20130308,,,,,
20130311,,,,,
20130312,,,,,
20130313,,,,,
20130314,,,,,
20130315,,,,,
20130318,,,,,
20130319,,,,,
20130320,,,,,
20130321,,,,,
20130322,,,,,
20130325,,,,,
20130326,,,,,
20130327,,,,,
20130328,,,,,
20130402,,,,,
20130403,,,,,
20130404,,,,,
20130405,,,,,
20130408,,,,,
20130409,,,,,
20130410,,,,,
20130411,,,,,
20130412,,,,,
20130415,,,,,
20130416,,,,,
20130417,,,,,
20130418,,,,,
20130419,,,,,
20130422,,,,,
20130423,,,,,
20130424,,,,,
20130425,,,,,
20130426,,,,,
20130429,,,,,
20130430,,,,,
20130502,,,,,
20130503,,,,,
20130506,,,,,
20130507,,,,,
20130508,,,,,
20130509,,,,,
20130510,,,,,
20130513,,,,,
20130514,,,,,
20130515,,,,,
20130516,,,,,
20130517,,,,,
20130520,,,,,
20130521,,,,,
20130522,,,,,
20130523,,,,,
20130524,,,,,
20130527,,,,,
20130528,,,,,
20130529,,,,,
20130530,,,,,
20130531,,,,,
20130603,,,,,
20130604,,,,,
20130605,,,,,
20130606,,,,,
20130607,,,,,
20130610,,,,,
20130611,,,,,
20130612,,,,,
20130613,,,,,
20130614,,,,,
20130617,,,,,
20130618,,,,,
20130619,,,,,
20130620,,,,,
20130621,,,,,
20130624,,,,,
20130625,,,,,
20130626,,,,,
20130627,,,,,
20130628,,,,,
20130701,,,,,
20130702,,,,,
20130703,,,,,
20130704,,,,,
20130705,,,,,
20130708,,,,,
20130709,,,,,
20130710,,,,,
20130711,,,,,
20130712,,,,,
20130715,,,,,
20130716,,,,,
20130717,,,,,
20130718,,,,,
20130719,,,,,
20130722,,,,,
20130723,,,,,
20130724,,,,,
20130725,,,,,
20130726,,,,,
20130729,,,,,
20130730,,,,,
20130731,,,,,
20130801,,,,,
20130802,,,,,
20130805,,,,,
20130806,,,,,
20130807,,,,,
20130808,,,,,
20130809,,,,,
20130812,,,,,
20130813,,,,,
20130814,,,,,
20130815,,,,,
20130816,,,,,
20130819,,,,,
20130820,,,,,
20130821,,,,,
20130822,,,,,
20130823,,,,,
20130826,,,,,
20130827,,,,,
20130828,,,,,
20130829,,,,,
20130830,,,,,
20130902,,,,,
20130903,,,,,
20130904,,,,,
20130905,,,,,
20130906,,,,,
20130909,,,,,
20130910,,,,,
20130911,,,,,
20130912,,,,,
20130913,,,,,
20130916,,,,,
20130917,,,,,
20130918,,,,,
20130919,,,,,
20130920,,,,,
20130923,,,,,
20130924,,,,,
20130925,,,,,
20130926,,,,,
20130927,,,,,
20130930,,,,,
20131001,,,,,
20131002,,,,,
20131003,,,,,
20131004,,,,,
20131007,,,,,
20131008,,,,,
20131009,,,,,
20131010,,,,,
20131011,,,,,
20131014,,,,,
20131015,,,,,
20131016,,,,,
20131017,,,,,
20131018,,,,,
20131022,,,,,
20131023,,,,,
20131024,,,,,
20131025,,,,,
20131028,,,,,
20131029,,,,,
20131030,,,,,
20131031,,,,,
20131101,,,,,
20131104,,,,,
20131105,,,,,
20131106,,,,,
20131107,,,,,
20131108,,,,,
20131111,,,,,
20131112,,,,,
20131113,,,,,
20131114,,,,,
20131115,,,,,
20131118,,,,,
20131119,,,,,
20131120,,,,,
20131121,,,,,
20131122,,,,,
20131125,,,,,
20131126,,,,,
20131127,,,,,
20131128,,,,,
20131129,,,,,
20131202,,,,,
20131203,,,,,
20131204,,,,,
20131205,,,,,
20131206,,,,,
20131209,,,,,
20131210,,,,,
20131211,,,,,
20131213,,,,,
20131216,,,,,
20131217,,,,,
20131218,,,,,
20131219,,,,,
20131220,,,,,
20131223,,,,,
20131224,,,,,
20131227,,,,,
20131230,,,,,
20131231,,,,,
