20060911,,,,,
20060912,,,,,
20060913,,,,,
20060914,,,,,
20060915,,,,,
20060918,,,,,
20060919,,,,,
20060920,,,,,
20060921,,,,,
20060922,,,,,
20060925,,,,,
20060926,,,,,
20060927,,,,,
20060928,,,,,
20060929,,,,,
20061002,,,,,
20061003,,,,,
20061004,,,,,
20061005,,,,,
20061006,,,,,
20061009,,,,,
20061010,,,,,
20061011,,,,,
20061012,,,,,
20061013,,,,,
20061016,,,,,
20061017,,,,,
20061018,,,,,
20061019,,,,,
20061023,,,,,
20061024,,,,,
20061025,,,,,
20061026,,,,,
20061027,,,,,
20061030,,,,,
20061031,,,,,
20061101,,,,,
20061102,,,,,
20061103,,,,,
20061106,,,,,
20061107,,,,,
20061108,,,,,
20061109,,,,,
20061110,,,,,
20061113,,,,,
20061114,,,,,
20061115,,,,,
20061116,,,,,
20061117,,,,,
20061120,,,,,
20061121,,,,,
20061122,,,,,
20061123,,,,,
20061124,,,,,
20061127,,,,,
20061128,,,,,
20061129,,,,,
20061130,,,,,
20061201,,,,,
20061204,,,,,
20061205,,,,,
20061206,,,,,
20061207,,,,,
20061208,,,,,
20061211,,,,,
20061213,,,,,
20061214,,,,,
20061215,,,,,
20061218,,,,,
20061219,,,,,
20061220,,,,,
20061221,,,,,
20061222,,,,,
20061227,,,,,
20061228,,,,,
20061229,,,,,
