Date;Lowest Price of the Day;Highest Price of the Day;Closing Price;Previous Day Closing Price;Volume Traded
20090102,,,,,
20090105,,,,,
20090106,,,,,
20090107,,,,,
20090108,,,,,
20090109,,,,,
20090112,,,,,
20090113,,,,,
20090114,,,,,
20090115,,,,,
20090116,,,,,
20090119,,,,,
20090120,,,,,
20090121,,,,,
20090122,,,,,
20090123,,,,,
20090126,,,,,
20090127,,,,,
20090128,,,,,
20090129,,,,,
20090130,,,,,
20090202,,,,,
20090203,,,,,
20090204,,,,,
20090205,,,,,
20090206,,,,,
20090209,,,,,
20090210,,,,,
20090211,,,,,
20090212,,,,,
20090213,,,,,
20090216,,,,,
20090217,,,,,
20090218,,,,,
20090219,,,,,
20090220,,,,,
20090223,,,,,
20090224,,,,,
20090225,,,,,
20090226,,,,,
20090227,,,,,
20090302,,,,,
20090303,,,,,
20090304,,,,,
20090305,,,,,
20090306,,,,,
20090309,,,,,
20090310,,,,,
20090311,,,,,
20090312,,,,,
20090313,,,,,
20090316,,,,,
20090317,,,,,
20090318,,,,,
20090319,,,,,
20090320,,,,,
20090323,,,,,
20090324,,,,,
20090325,,,,,
20090326,,,,,
20090327,,,,,
20090330,,,,,
20090331,,,,,
20090401,,,,,
20090402,,,,,
20090403,,,,,
20090406,,,,,
20090407,,,,,
20090408,,,,,
20090409,,,,,
20090414,,,,,
20090415,,,,,
20090416,,,,,
20090417,,,,,
20090420,,,,,
20090421,,,,,
20090422,,,,,
20090423,,,,,
20090424,,,,,
20090427,,,,,
20090428,,,,,
20090429,,,,,
20090430,,,,,
20090504,,,,,
20090505,,,,,
20090506,,,,,
20090507,,,,,
20090508,,,,,
20090511,,,,,
20090512,,,,,
20090513,,,,,
20090514,,,,,
20090515,,,,,
20090518,,,,,
20090519,,,,,
20090520,,,,,
20090521,,,,,
20090522,,,,,
20090525,,,,,
20090526,,,,,
20090527,,,,,
20090528,,,,,
20090529,,,,,
20090602,,,,,
20090603,,,,,
20090604,,,,,
20090605,,,,,
20090608,,,,,
20090609,,,,,
20090610,,,,,
20090611,,,,,
20090612,,,,,
20090615,,,,,
20090616,,,,,
20090617,,,,,
20090618,,,,,
20090619,,,,,
20090622,,,,,
20090623,,,,,
20090624,,,,,
20090625,,,,,
20090626,,,,,
20090629,,,,,
20090630,,,,,
20090701,,,,,
20090702,,,,,
20090703,,,,,
20090706,,,,,
20090707,,,,,
20090708,,,,,
20090709,,,,,
20090710,,,,,
20090713,,,,,
20090714,,,,,
20090715,,,,,
20090716,,,,,
20090717,,,,,
20090720,,,,,
20090721,,,,,
20090722,,,,,
20090723,,,,,
20090724,,,,,
20090727,,,,,
20090728,,,,,
20090729,,,,,
20090730,,,,,
20090731,,,,,
20090803,,,,,
20090804,,,,,
20090805,,,,,
20090806,,,,,
20090807,,,,,
20090810,,,,,
20090811,,,,,
20090812,,,,,
20090813,,,,,
20090814,,,,,
20090817,,,,,
20090818,,,,,
20090819,,,,,
20090820,,,,,
20090821,,,,,
20090824,,,,,
20090825,,,,,
20090826,,,,,
20090827,,,,,
20090828,,,,,
20090831,,,,,
20090901,,,,,
20090902,,,,,
20090903,,,,,
20090904,,,,,
20090907,,,,,
20090908,,,,,
20090909,,,,,
20090910,,,,,
20090911,,,,,
20090914,,,,,
20090915,,,,,
20090916,,,,,
20090917,,,,,
20090918,,,,,
20090921,,,,,
20090922,,,,,
20090923,,,,,
20090924,,,,,
20090925,,,,,
20090928,,,,,
20090929,,,,,
20090930,,,,,
20091001,,,,,
20091002,,,,,
20091005,,,,,
20091006,,,,,
20091007,,,,,
20091008,,,,,
20091009,,,,,
20091012,,,,,
20091013,,,,,
20091014,,,,,
20091015,,,,,
20091016,,,,,
20091019,,,,,
20091021,,,,,
20091022,,,,,
20091023,,,,,
20091026,,,,,
20091027,,,,,
20091028,,,,,
20091029,,,,,
20091030,,,,,
20091102,,,,,
20091103,,,,,
20091104,,,,,
20091105,,,,,
20091106,,,,,
20091109,,,,,
20091110,,,,,
20091111,,,,,
20091112,,,,,
20091113,,,,,
20091116,,,,,
20091117,,,,,
20091118,,,,,
20091119,,,,,
20091120,,,,,
20091123,,,,,
20091124,,,,,
20091125,,,,,
20091126,,,,,
20091127,,,,,
20091130,,,,,
20091201,,,,,
20091202,,,,,
20091203,,,,,
20091204,,,,,
20091207,,,,,
20091208,,,,,
20091209,,,,,
20091210,,,,,
20091211,,,,,
20091214,,,,,
20091215,,,,,
20091216,,,,,
20091217,,,,,
20091218,,,,,
20091221,,,,,
20091222,,,,,
20091223,,,,,
20091224,,,,,
20091228,,,,,
20091229,,,,,
20091230,,,,,
20091231,,,,,
