20070201;;;;;
20070202;;;;;
20070205;;;;;
20070206;;;;;
20070207;;;;;
20070208;;;;;
20070209;;;;;
20070212;;;;;
20070213;;;;;
20070214;;;;;
20070215;;;;;
20070216;;;;;
20070219;;;;;
20070220;;;;;
20070221;;;;;
20070222;;;;;
20070223;;;;;
20070226;;;;;
20070227;;;;;
20070228;;;;;
20070201;;;;;
20070202;;;;;
20070205;;;;;
20070206;;;;;
20070207;;;;;
20070208;;;;;
20070209;;;;;
20070212;;;;;
20070213;;;;;
20070214;;;;;
20070215;;;;;
20070216;;;;;
20070219;;;;;
20070220;;;;;
20070221;;;;;
20070222;;;;;
20070223;;;;;
20070226;;;;;
20070227;;;;;
20070228;;;;;
