Date;Lowest Price of the Day;Highest Price of the Day;Closing Price;Previous Day Closing Price;Volume Traded
20200102,,,,,
20200103,,,,,
20200106,,,,,
20200107,,,,,
20200108,,,,,
20200109,,,,,
20200110,,,,,
20200113,,,,,
20200114,,,,,
20200115,,,,,
20200116,,,,,
20200117,,,,,
20200120,,,,,
20200121,,,,,
20200122,,,,,
20200123,,,,,
20200124,,,,,
20200127,,,,,
20200128,,,,,
20200129,,,,,
20200130,,,,,
20200131,,,,,
20200203,,,,,
20200204,,,,,
20200205,,,,,
20200206,,,,,
20200207,,,,,
20200210,,,,,
20200211,,,,,
20200212,,,,,
20200213,,,,,
20200214,,,,,
20200217,,,,,
20200218,,,,,
20200219,,,,,
20200220,,,,,
20200221,,,,,
20200224,,,,,
20200225,,,,,
20200226,,,,,
20200227,,,,,
20200228,,,,,
20200302,,,,,
20200303,,,,,
20200304,,,,,
20200305,,,,,
20200306,,,,,
20200309,,,,,
20200310,,,,,
20200311,,,,,
20200312,,,,,
20200313,,,,,
20200316,,,,,
20200317,,,,,
20200318,,,,,
20200319,,,,,
20200320,,,,,
20200323,,,,,
20200324,,,,,
20200325,,,,,
20200326,,,,,
20200327,,,,,
20200330,,,,,
20200331,,,,,
20200401,,,,,
20200402,,,,,
20200403,,,,,
20200406,,,,,
20200407,,,,,
20200408,,,,,
20200409,,,,,
20200414,,,,,
20200415,,,,,
20200416,,,,,
20200417,,,,,
20200420,,,,,
20200421,,,,,
20200422,,,,,
20200423,,,,,
20200424,,,,,
20200427,,,,,
20200428,,,,,
20200429,,,,,
20200430,,,,,
